28993
29397
5132
22805
32172
11142
186
27712
31765
29160
29024
27309
2749
13433
7295
29698
27255
13451
10292
8250
92385
1294
0496
214
09236857
12467
34987
365098
1264
340958
487923
304958
109438
30958
1203948
340958
023985
109843
032985
120938
240958
34069
1267
3409587
2376
2948357
9837
39857
2349857
65987
2394857
39857
1264
36587
1239847
540968
12947
394857
21097
82934
82467
12846
396857
2164
23856
1836
459837
129847
329857
1293847
349857
356987
1293847
2398647
1293847
329687
0129
3845
23984
29873
234987
3409
8
293847
039845
29847
23598
63
12308
023894
09325
094368
09283
409
82350
983434
203983
230498
23948
340598
